polygon
1
	76.676808	8.7761661
	76.6776717	8.7748513
	76.6804102	8.771156
	76.6808689	8.7705464
	76.6821349	8.7687332
	76.6827571	8.7678001
	76.6833311	8.7669094
	76.6835242	8.766533
	76.6835618	8.7663209
	76.6835511	8.7661937
	76.6835108	8.7660956
	76.6834277	8.7659299
	76.6833834	8.765914
	76.6833392	8.7658079
	76.6833767	8.7656794
	76.6834894	8.7656131
	76.6835529	8.7655433
	76.6836154	8.7653931
	76.6837031	8.7652837
	76.6839587	8.7649769
	76.684293	8.7645788
	76.6845455	8.764288
	76.6847427	8.7640467
	76.6848372	8.7639735
	76.6848586	8.7639404
	76.684854	8.7638774
	76.685316	8.7630762
	76.6855305	8.7627475
	76.68567	8.7623976
	76.6858251	8.7621271
	76.685898	8.7619999
	76.6863593	8.7614459
	76.6866893	8.7610058
	76.6870835	8.7605075
	76.6874805	8.7600303
	76.6875637	8.7598394
	76.6875529	8.759683
	76.6874966	8.7596062
	76.6874912	8.7595399
	76.6875368	8.7595008
	76.6875999	8.7594365
	76.6877916	8.7591767
	76.6878855	8.7589885
	76.6879475	8.7588544
	76.68797	8.7587937
	76.6879767	8.7586465
	76.6881967	8.7581747
	76.6887492	8.7571806
	76.6893715	8.7563217
	76.6897523	8.7556987
	76.6899589	8.7554919
	76.6902459	8.7551393
	76.6905543	8.7546648
	76.6908118	8.7541558
	76.6909003	8.7540047
	76.6909915	8.7537476
	76.6912269	8.7535164
	76.6918042	8.7529231
	76.6923299	8.7523054
	76.6928208	8.7517143
	76.6931837	8.7512283
	76.6934618	8.7509561
	76.6937757	8.7506247
	76.6942611	8.7499116
	76.6945055	8.7495865
	76.6947305	8.7492436
	76.69498	8.748777
	76.6953394	8.7480877
	76.6955835	8.7476821
	76.6958463	8.7473216
	76.6960999	8.7469519
	76.6964552	8.7464759
	76.6966376	8.7460783
	76.6968173	8.7456912
	76.6969863	8.7454022
	76.6971874	8.7450629
	76.6976261	8.7445296
	76.6979921	8.7440237
	76.6983408	8.7434935
	76.6986626	8.7430428
	76.6986948	8.7428997
	76.6987351	8.7427539
	76.6987592	8.7421282
	76.6991481	8.7411897
	76.6993198	8.7409816
	76.6994512	8.7405959
	76.6995209	8.740071
	76.6994566	8.7392545
	76.6996711	8.7383372
	76.7001365	8.7379581
	76.7007548	8.737754
	76.7010391	8.7374942
	76.7019162	8.7367625
	76.7027771	8.7359936
	76.7034906	8.7352805
	76.7041582	8.7346065
	76.7043234	8.7344136
	76.7044613	8.734245
	76.7047574	8.7337867
	76.7048183	8.7336925
	76.7050437	8.733377
	76.7054923	8.7328143
	76.7062747	8.7319958
	76.7066315	8.7315
	76.7067981	8.731182
	76.7073644	8.7303115
	76.7078705	8.7297079
	76.7083615	8.7290769
	76.7088869	8.7284163
	76.7093165	8.7280569
	76.71008	8.7270853
	76.711269	8.7256436
	76.712307	8.7245195
	76.7128327	8.7238329
	76.7135838	8.7227671
	76.7141363	8.7221732
	76.7148712	8.7214813
	76.7152494	8.7210942
	76.7155203	8.7207946
	76.7157151	8.7205618
	76.7157711	8.7204924
	76.7162392	8.7198375
	76.7166468	8.7192702
	76.7175239	8.7183979
	76.71776	8.7181593
	76.718173	8.7176317
	76.7184949	8.7170538
	76.7191842	8.7161497
	76.7201391	8.7150097
	76.7208499	8.7142753
	76.7212844	8.7138033
	76.7216894	8.7133182
	76.722368	8.7124857
	76.7229795	8.7116134
	76.7233121	8.7112422
	76.7236555	8.7108604
	76.7239988	8.7103832
	76.7243099	8.7099696
	76.7297977	8.7033149
	76.7311227	8.7017108
	76.7369485	8.6943055
	76.7445016	8.6849778
	76.7503542	8.677787
	76.7514002	8.6766628
	76.7516577	8.6762863
	76.7521459	8.6754908
	76.7532939	8.6741545
	76.7554611	8.6715294
	76.7562067	8.6706491
	76.7583364	8.6682839
	76.7595917	8.6666453
	76.7607042	8.6652628
	76.7617428	8.6640626
	76.7659838	8.6590545
	76.767529	8.6572437
	76.7697519	8.6546387
	76.7716992	8.6522257
	76.7728418	8.6508521
	76.7739469	8.6494679
	76.7754275	8.647739
	76.7769295	8.6458244
	76.778512	8.6437243
	76.7825514	8.6384526
	76.7845148	8.6361031
	76.7841393	8.6357424
	76.7839998	8.6356258
	76.7841554	8.6354985
	76.7844129	8.635281
	76.7850673	8.6343264
	76.7853731	8.6337111
	76.7854589	8.6331914
	76.7855608	8.6330906
	76.7859365	8.6325875
	76.7863172	8.6320776
	76.7846596	8.6303699
	76.7848715	8.6302693
	76.7854643	8.629988
	76.7870414	8.6290758
	76.7892086	8.6273786
	76.7919016	8.6247904
	76.7929745	8.6235811
	76.7936718	8.6227961
	76.7947876	8.6213164
	76.7964131	8.6193486
	76.7976844	8.6178264
	76.8004578	8.6144691
	76.8043578	8.6097009
	76.8104142	8.6023442
	76.8123722	8.599952
	76.8138957	8.5980532
	76.8154836	8.5960906
	76.8164411	8.5947964
	76.8177903	8.5931415
	76.8181899	8.5926323
	76.8192118	8.5913301
	76.8205208	8.5897256
	76.8210894	8.5890095
	76.8213442	8.588678
	76.822004	8.5878134
	76.8229482	8.5866703
	76.8232861	8.5862964
	76.8236428	8.5858243
	76.8243912	8.5849173
	76.8246379	8.5845818
	76.8247493	8.5844598
	76.8249008	8.5842927
	76.8249652	8.5842065
	76.8250671	8.5840686
	76.8253756	8.5836787
	76.8255928	8.583432
	76.8262634	8.582586
	76.827296	8.5812838
	76.8274999	8.5810637
	76.8323708	8.5750935
	76.8332961	8.5739902
	76.8333632	8.5739053
	76.8335979	8.5736295
	76.833732	8.5734571
	76.8340867	8.5730268
	76.8344602	8.572558
	76.8347633	8.572196
	76.8351562	8.5717212
	76.8353373	8.5715037
	76.8355478	8.5712438
	76.8358737	8.5708513
	76.8361875	8.5704495
	76.8364182	8.570171
	76.8368353	8.5696896
	76.8371464	8.5693236
	76.8373449	8.5690769
	76.8375139	8.5688952
	76.8376198	8.5687494
	76.8378907	8.5684271
	76.8381388	8.5681248
	76.8383212	8.5679099
	76.8384983	8.5676885
	76.8386699	8.5674803
	76.8390749	8.5669776
	76.8392774	8.5667482
	76.8394625	8.566548
	76.8397361	8.5662045
	76.8408278	8.5648744
	76.8421058	8.5633533
	76.8426731	8.5626862
	76.8431452	8.5621147
	76.8436012	8.5615577
	76.8437634	8.5613534
	76.844155	8.5608773
	76.8449074	8.5599689
	76.8452963	8.5595021
	76.8456437	8.5590897
	76.8461037	8.5585181
	76.8466522	8.5578723
	76.8467836	8.5577303
	76.8471444	8.5572874
	76.8497059	8.5541139
	76.8498333	8.5539706
	76.8508351	8.5527585
	76.8513769	8.5521034
	76.8518865	8.5514933
	76.8525141	8.5507374
	76.8531659	8.5499125
	76.8542147	8.5485995
	76.8550622	8.5475969
	76.8555692	8.5469497
	76.8563792	8.5459259
	76.8568915	8.5453026
	76.8577605	8.5442575
	76.8593404	8.542231
	76.8602067	8.541178
	76.8610972	8.5400481
	76.8628085	8.5379261
	76.8649918	8.5351251
	76.8660647	8.5337935
	76.8670785	8.5324832
	76.8678296	8.531507
	76.869927	8.5289394
	76.8709195	8.5276608
	76.8715686	8.5268279
	76.8727702	8.5252948
	76.8765843	8.5203848
	76.8772468	8.5195705
	76.8778986	8.5187455
	76.8800819	8.5159682
	76.8816349	8.5139495
	76.8843412	8.5104056
	76.8846095	8.5100501
	76.8849555	8.5096204
	76.8857038	8.5086575
	76.8867418	8.5074637
	76.8876216	8.5064398
	76.8889546	8.5047978
	76.8893918	8.5042566
	76.8897137	8.5038508
	76.8899229	8.5036147
	76.8901294	8.5033786
	76.8904567	8.5029833
	76.8908912	8.502413
	76.8914813	8.5017471
	76.8920392	8.5010548
	76.8940294	8.4985585
	76.8952981	8.4971181
	76.8954885	8.496943
	76.8956146	8.4967785
	76.8963817	8.4959429
	76.896835	8.4953991
	76.8980983	8.4939135
	76.8986535	8.4933193
	76.8992141	8.4926455
	76.9000322	8.4916534
	76.9003701	8.4913032
	76.9008771	8.4907647
	76.9022369	8.4892075
	76.903342	8.4879606
	76.9042593	8.4869154
	76.9055575	8.4854139
	76.9064239	8.4844164
	76.9074029	8.4833288
	76.9080359	8.4826629
	76.9082478	8.4824294
	76.9083658	8.4823127
	76.9085079	8.4821562
	76.9088915	8.4816946
	76.9101709	8.4802488
	76.9108361	8.4794609
	76.911048	8.4792486
	76.9117025	8.4784422
	76.9118392	8.4782803
	76.9122469	8.4777869
	76.9125608	8.4774473
	76.9132608	8.4766488
	76.9134137	8.4764525
	76.913749	8.4760837
	76.9142747	8.4754762
	76.9145241	8.4752003
	76.9152161	8.4744654
	76.9155487	8.4740436
	76.9160584	8.4734494
	76.9164392	8.4730143
	76.916627	8.4728047
	76.9167691	8.47268
	76.917657	8.471717
	76.9180056	8.4713085
	76.9183972	8.4708548
	76.9189176	8.4702871
	76.9192421	8.4699263
	76.9197357	8.46934
	76.9201621	8.4688518
	76.9205457	8.4684247
	76.9207415	8.4681886
	76.9210795	8.4678145
	76.921463	8.4673476
	76.9217178	8.4671035
	76.9220236	8.4667878
	76.922214	8.4665543
	76.9226593	8.466037
	76.9233325	8.4652066
	76.9238636	8.4646071
	76.9243705	8.4640605
	76.924848	8.4636175
	76.9248872	8.46357
	76.9258484	8.4625191
	76.9267121	8.4615747
	76.9270769	8.4612086
	76.9274108	8.4608358
	76.9279473	8.4602415
	76.9283845	8.4597812
	76.9288257	8.4592838
	76.9292562	8.4588447
	76.9296625	8.4584096
	76.930093	8.4579586
	76.9303599	8.4576296
	76.930545	8.4574134
	76.930781	8.4571905
	76.9310358	8.4569438
	76.931245	8.4567289
	76.9313067	8.4566467
	76.9313322	8.4565406
	76.9313818	8.456453
	76.9317359	8.4560126
	76.9323635	8.4552286
	76.9326371	8.4549554
	76.9331923	8.4543637
	76.9336241	8.4539127
	76.9340211	8.4534113
	76.9348311	8.452358
	76.9350699	8.4520662
	76.9353998	8.4517319
	76.9358557	8.4511933
	76.9364753	8.450461
	76.9368535	8.4500949
	76.9374436	8.4494529
	76.9379345	8.4489037
	76.9381383	8.4486118
	76.9384119	8.4481608
	76.938605	8.4479035
	76.9389671	8.4474445
	76.9392058	8.4471632
	76.9400534	8.4461577
	76.9404128	8.4457226
	76.9407588	8.4452583
	76.9410941	8.4448709
	76.9416895	8.4441971
	76.942293	8.443494
	76.9424406	8.4433242
	76.9425666	8.4431358
	76.942918	8.4425415
	76.9430253	8.4423611
	76.9431433	8.4421409
	76.9432613	8.4419737
	76.9436449	8.4414935
	76.943897	8.4411937
	76.9440553	8.440878
	76.9445702	8.4402677
	76.9448572	8.4398883
	76.945096	8.4394081
	76.9453266	8.4391375
	76.945568	8.4388616
	76.9459355	8.4383707
	76.9463539	8.4379913
	76.9466516	8.4375933
	76.9469172	8.4373068
	76.9471747	8.4370123
	76.9475287	8.4366939
	76.947931	8.4362508
	76.9482529	8.4358927
	76.9485533	8.4356114
	76.9488725	8.4353249
	76.9493204	8.4349269
	76.9496262	8.4346934
	76.9500071	8.434306
	76.9507501	8.4335419
	76.9510236	8.4332288
	76.9516057	8.4325682
	76.9519249	8.4321516
	76.9523379	8.4316183
	76.9528744	8.4310877
	76.9532633	8.4306287
	76.9535798	8.4302997
	76.953907	8.4298115
	76.954422	8.429249
	76.955055	8.4284424
	76.955393	8.4280604
	76.9558221	8.4275881
	76.9565544	8.426755
	76.9570371	8.4262774
	76.9574261	8.4259298
	76.9576541	8.4256008
	76.9577882	8.4253885
	76.9578592	8.4249972
	76.9577881	8.4248672
	76.9577251	8.4247889
	76.9576621	8.4246695
	76.9576782	8.4246178
	76.9579893	8.4240884
	76.9580805	8.423969
	76.9580738	8.423908
	76.9580966	8.4238682
	76.9582535	8.4238364
	76.9584346	8.4236533
	76.9587135	8.4233004
	76.958853	8.4231412
	76.958963	8.4229873
	76.958971	8.4229077
	76.9589294	8.4228188
	76.9589227	8.422783
	76.9589328	8.4227711
	76.958959	8.4227631
	76.9590233	8.422783
	76.959077	8.4227645
	76.9593868	8.4224142
	76.9595665	8.4222232
	76.9598106	8.4218676
	76.96017	8.4213847
	76.9606206	8.4207665
	76.9614762	8.4196813
	76.9617471	8.4193099
	76.9620046	8.4190047
	76.9621843	8.4187341
	76.9624284	8.418291
	76.9626778	8.4178081
	76.962761	8.4176754
	76.9630346	8.4173358
	76.9632572	8.4170864
	76.963394	8.4167972
	76.9636059	8.4164974
	76.9636971	8.4162294
	76.9637346	8.4160383
	76.9638419	8.4158155
	76.9639277	8.4156854
	76.9643542	8.415184
	76.9645607	8.4148576
	76.9649926	8.4142633
	76.9652179	8.4138997
	76.9653171	8.4137114
	76.9654137	8.4135469
	76.9656578	8.4130029
	76.9658804	8.4125492
	76.965977	8.4123316
	76.9661057	8.4121883
	76.9663015	8.4119336
	76.9664463	8.4116869
	76.9667709	8.4111827
	76.9668809	8.410997
	76.9669586	8.4108749
	76.9669949	8.4108192
	76.9670686	8.4106945
	76.9672108	8.4104424
	76.9673449	8.4101718
	76.9676238	8.4097685
	76.9678706	8.409535
	76.9680154	8.409275
	76.9681523	8.4088889
	76.9682206	8.4087934
	76.9682421	8.4087469
	76.9683266	8.4086594
	76.9684446	8.4085161
	76.9685465	8.4083569
	76.9687235	8.4080862
	76.9689542	8.4076988
	76.9692922	8.40694
	76.9698769	8.4058521
	76.9701961	8.4051595
	76.9702846	8.4049022
	76.9704697	8.4045333
	76.970593	8.4042813
	76.9706923	8.4039443
	76.9708479	8.4032929
	76.9709846	8.4028577
	76.9710906	8.4025274
	76.9711617	8.4023827
	76.9712354	8.4021466
	76.971344	8.4018388
	76.9714915	8.4015283
	76.9716874	8.4011662
	76.9719046	8.4008663
	76.9720307	8.4005293
	76.9721326	8.4004073
	76.9720106	8.4003555
	76.9719342	8.4002348
	76.9719449	8.4000172
	76.9719448	8.399744
	76.9720616	8.3994985
	76.9721608	8.3993472
	76.9722158	8.3992782
	76.9722842	8.3991694
	76.9723056	8.3990262
	76.9723566	8.3988948
	76.9725417	8.3985551
	76.9727093	8.398254
	76.9728649	8.3980059
	76.9728407	8.3978786
	76.9727361	8.3977008
	76.9727495	8.397593
	76.9727844	8.3975124
	76.9729319	8.3974407
	76.9729856	8.3973372
	76.9730955	8.3966845
	76.9731036	8.3964085
	76.9730741	8.3960477
	76.9730338	8.3958646
	76.9728971	8.3954851
	76.9728273	8.3952702
	76.9726825	8.3950314
	76.9723809	8.3946415
	76.9723103	8.3946506
	76.9721514	8.3947156
	76.9720682	8.3946997
	76.9719208	8.3946067
	76.9716069	8.3945485
	76.9714916	8.3945962
	76.9713199	8.3948005
	76.9712636	8.3949014
	76.9711617	8.3949544
	76.9709873	8.3949146
	76.9709203	8.3948005
	76.9708247	8.3943936
	76.9708224	8.3943163
	76.9708324	8.3942798
	76.9708659	8.3942466
	76.9708934	8.3942115
	76.9709229	8.3941279
	76.9708894	8.3939382
	76.9708841	8.3937232
	76.9708639	8.3934871
	76.9708814	8.3933199
	76.9709149	8.3932509
	76.9710678	8.3930254
	76.9711134	8.392898
	76.9711429	8.3927321
	76.9711778	8.3926645
	76.9712193	8.3926048
	76.9712327	8.3925438
	76.9712059	8.3922983
	76.9712113	8.3922187
	76.9712394	8.3920237
	76.9712797	8.3919467
	76.9713333	8.3919215
	76.971399	8.3919082
	76.9715385	8.3918804
	76.9715949	8.3918048
	76.9716297	8.3917809
	76.9717471	8.3917656
	76.9717846	8.391755
	76.9717953	8.3917232
	76.9717786	8.3916429
	76.9717839	8.3915911
	76.9718336	8.3915195
	76.9718939	8.3915023
	76.9719623	8.391489
	76.9719932	8.3914492
	76.972016	8.3912727
	76.9720012	8.3911427
	76.97202	8.3910644
	76.972075	8.391022
	76.9721997	8.3910299
	76.9722506	8.3910114
	76.9722815	8.3909596
	76.9722882	8.3908508
	76.9723378	8.3907646
	76.9723888	8.3907022
	76.9725054	8.3905987
	76.9725913	8.390539
	76.9726141	8.3905643
	76.9727655	8.3906703
	76.9727159	8.3903334
	76.9729373	8.3901463
	76.9730244	8.3900734
	76.9730928	8.3899738
	76.9731666	8.3899168
	76.9733355	8.3898186
	76.9734656	8.3897987
	76.9736293	8.3898544
	76.9736789	8.3898956
	76.9737379	8.3899155
	76.9737996	8.3900017
	76.9738613	8.3901768
	76.9739659	8.3901928
	76.9743575	8.3900455
	76.9746204	8.3899327
	76.9748068	8.3898014
	76.9749771	8.3896368
	76.9752265	8.3893728
	76.9757026	8.3888886
	76.9759025	8.3886166
	76.9759668	8.3885157
	76.9760875	8.3882451
	76.9761895	8.3879981
	76.9762243	8.38779
	76.9762216	8.3876926
	76.9762029	8.3875326
	76.976172	8.3874302
	76.9760361	8.3871481
	76.9759615	8.387126
	76.9759152	8.3871293
	76.9756892	8.3872646
	76.9756544	8.3872673
	76.9755873	8.38725
	76.9755363	8.3871452
	76.9755109	8.3870523
	76.9754706	8.3869754
	76.9754022	8.3868838
	76.9753982	8.3868135
	76.9754425	8.3867657
	76.9755618	8.3867312
	76.9756343	8.3866872
	76.9757322	8.3866237
	76.9757777	8.3864659
	76.975759	8.3862908
	76.9757697	8.3862099
	76.9757898	8.386105
	76.9758538	8.3860466
	76.9759735	8.3860811
	76.976105	8.3862138
	76.9762257	8.3863757
	76.9765019	8.3863558
	76.9767863	8.3863372
	76.9769955	8.3863001
	76.9772918	8.3862509
	76.9777747	8.3860891
	76.9784479	8.3856393
	76.9786571	8.3855212
	76.9787912	8.3854244
	76.9790045	8.3852108
	76.9792485	8.3849441
	76.9795731	8.3844877
	76.9796133	8.3842489
	76.9796522	8.3840114
	76.9795932	8.3836385
	76.9794148	8.383616
	76.9790849	8.3834223
	76.978932	8.3832286
	76.9788854	8.3831393
	76.9788355	8.3828863
	76.9788489	8.3827669
	76.9789132	8.3826156
	76.9790554	8.3825201
	76.979152	8.3824564
	76.979219	8.3822813
	76.9792458	8.3822574
	76.9795154	8.3823171
	76.9795986	8.382329
	76.9796576	8.3823118
	76.9798493	8.3821141
	76.9799083	8.3819522
	76.9799432	8.3819018
	76.9800264	8.3819018
	76.9802088	8.3819522
	76.9802731	8.381992
	76.9803187	8.3821008
	76.9803992	8.3824644
	76.9804609	8.3826156
	76.9805869	8.3826554
	76.9807465	8.3826329
	76.9808994	8.3825479
	76.9810885	8.3822998
	76.9811784	8.3822322
	76.9813004	8.382199
	76.9814935	8.3822269
	76.981574	8.3822149
	76.9816183	8.382138
	76.9815914	8.3820491
	76.9815472	8.3819628
	76.981523	8.3819031
	76.9815592	8.381858
	76.9815901	8.3818447
	76.9817269	8.3819177
	76.9821721	8.3817068
	76.9825275	8.3814931
	76.9830331	8.3811933
	76.9831351	8.381135
	76.9831994	8.3811376
	76.9832343	8.3810739
	76.9832396	8.3809677
	76.9833174	8.3808722
	76.9836044	8.3807236
	76.9837815	8.3807263
	76.9839933	8.3806652
	76.9841677	8.3805405
	76.9844627	8.380299
	76.9847739	8.3799674
	76.9847712	8.3796675
	76.9847685	8.3795083
	76.9847953	8.3793464
	76.9848624	8.3792403
	76.9850716	8.3790678
	76.9851413	8.3789006
	76.9850877	8.37876
	76.9850877	8.3785344
	76.9852298	8.3781364
	76.9853049	8.3778153
	76.9854578	8.3774491
	76.9855115	8.3772687
	76.9855598	8.3772023
	76.9856992	8.3770617
	76.985887	8.3767857
	76.9860828	8.3765442
	76.9863188	8.376255
	76.9864181	8.3760958
	76.986461	8.3758835
	76.9864663	8.3757455
	76.9865146	8.3756712
	76.9866219	8.375634
	76.9867238	8.375634
	76.9868472	8.3757296
	76.9869733	8.3759259
	76.987035	8.3759949
	76.9871047	8.3760471
	76.987184	8.3761065
	76.9872256	8.3761421
	76.9873112	8.3762152
	76.9873595	8.376247
	76.9875379	8.3762523
	76.9875433	8.376584
	76.9873287	8.3766238
	76.9873099	8.3767393
	76.9873327	8.3768481
	76.9873649	8.3769118
	76.9877981	8.3775194
	76.9878946	8.3776123
	76.9883439	8.3779374
	76.9885196	8.3780156
	76.9885249	8.3780382
	76.9881883	8.3784336
	76.9886872	8.3789378
	76.9887395	8.3789457
	76.9888119	8.3789046
	76.9894423	8.3781974
	76.9895066	8.3782465
	76.9896555	8.3783487
	76.9898137	8.3783566
	76.990703	8.3782566
	76.9912407	8.3781841
	76.9915894	8.3781152
	76.9919434	8.3780462
	76.9920507	8.3779798
	76.9921473	8.3778631
	76.9922385	8.3776508
	76.9923404	8.3775659
	76.9924624	8.3774305
	76.9921687	8.3771705
	76.9924438	8.3768612
	76.9924638	8.3768388
	76.9925178	8.3767792
	76.9925576	8.3767353
	76.9928446	8.3766849
	76.9933167	8.3765363
	76.9938371	8.3762576
	76.994403	8.3758304
	76.9949984	8.3751723
	76.9951808	8.3749176
	76.9936118	8.3730627
	76.9937056	8.3729539
	76.9938719	8.3727283
	76.9942796	8.3722003
	76.9943923	8.3721034
	76.9944231	8.3720941
	76.9944593	8.3720915
	76.9947222	8.3722839
	76.994867	8.3723555
	76.9951057	8.3723728
	76.9955	8.3722772
	76.9957226	8.3722029
	76.996302	8.3718924
	76.9968706	8.3715103
	76.9973856	8.3711388
	76.9978175	8.370831
	76.9987053	8.3705709
	76.9994134	8.370433
	77.0001268	8.3702366
	77.0008296	8.3699871
	77.001543	8.369605
	77.0021439	8.369207
	77.0027393	8.3686444
	77.0028868	8.3683711
	77.0028922	8.3682331
	77.0028976	8.3680951
	77.00297	8.3679253
	77.0031846	8.3675989
	77.0032811	8.3672698
	77.0032757	8.3669779
	77.0032784	8.3666754
	77.0031846	8.3664233
	77.0031765	8.3663171
	77.0032302	8.3661765
	77.0034555	8.3658156
	77.0037451	8.3654918
	77.0040107	8.3651973
	77.0044559	8.3649293
	77.0045981	8.364847
	77.0048609	8.3646453
	77.0058694	8.3638519
	77.0067358	8.3631447
	77.0067519	8.3631142
	77.0067385	8.3630704
	77.0066205	8.3629549
	77.0066272	8.3629151
	77.0066567	8.3628541
	77.0069584	8.3626153
	77.0069665	8.3625861
	77.0069531	8.3625502
	77.0068806	8.3624773
	77.0068485	8.3623844
	77.0068967	8.3622225
	77.0071623	8.3620208
	77.0078784	8.3613521
	77.0082459	8.3609169
	77.0083238	8.3606717
	77.0082844	8.3605016
	77.0082432	8.3601102
	77.0082915	8.360004
	77.0085463	8.3596405
	77.0086846	8.3594125
	77.0087555	8.3591071
	77.0087743	8.3588576
	77.008726	8.3586002
	77.0086992	8.3583959
	77.008718	8.3582844
	77.0088387	8.3581199
	77.0088413	8.3580695
	77.0088212	8.3580283
	77.0086616	8.3580137
	77.0086375	8.3579607
	77.0088118	8.357682
	77.0089164	8.3576289
	77.0090935	8.3575573
	77.0092007	8.3574671
	77.0092866	8.3573503
	77.0093885	8.3571592
	77.0094354	8.3571008
	77.0095092	8.3570756
	77.0096433	8.3570425
	77.009756	8.3569682
	77.0102039	8.3567293
	77.0104104	8.3567081
	77.010625	8.3566019
	77.0108235	8.3565091
	77.0110542	8.3563286
	77.0111091	8.3562941
	77.0114458	8.3562012
	77.0120788	8.3559651
	77.0139027	8.3552114
	77.0150721	8.3546382
	77.0160109	8.3541605
	77.0179099	8.3530141
	77.0188808	8.3525152
	77.0204955	8.3514961
	77.0223945	8.3501586
	77.0230275	8.34975
	77.0246369	8.3485717
	77.0255649	8.3479242
	77.0257795	8.3477808
	77.0268095	8.3470086
	77.0277375	8.3463239
	77.028003	8.3461116
	77.0281827	8.3459816
	77.0283718	8.3458887
	77.0284791	8.3458184
	77.0286079	8.3456379
	77.0290732	8.3453659
	77.0294005	8.3451244
	77.0305538	8.3443442
	77.0308033	8.3441611
	77.0314604	8.3436621
	77.0322892	8.3430438
	77.0330965	8.3424918
	77.0335767	8.3421256
	77.0341668	8.3416771
	77.0344028	8.3414993
	77.0354649	8.3406899
	77.0361972	8.3401299
	77.0364225	8.3399547
	77.0368651	8.3396734
	77.0371601	8.3394319
	77.0377877	8.3388852
	77.0386058	8.3382802
	77.0407703	8.3365339
	77.0415992	8.3359182
	77.0420444	8.3355759
	77.0427954	8.3349628
	77.0430234	8.3347638
	77.0440748	8.3338668
	77.0447642	8.333328
	77.0450807	8.3330202
	77.0468831	8.3315552
	77.0472425	8.3312527
	77.0475161	8.3309448
	77.0481008	8.3304671
	77.0489591	8.3298037
	77.0493695	8.3294348
	77.0501661	8.328758
	77.0512095	8.3278344
	77.0516199	8.3274841
	77.0521	8.3271444
	77.0529368	8.3264172
	77.0535564	8.3259024
	77.0544523	8.3251221
	77.0552167	8.3245091
	77.056421	8.3235351
	77.0570916	8.3229565
	77.05751	8.3225637
	77.057687	8.3224655
	77.0583039	8.3219427
	77.0586392	8.3216773
	77.0595458	8.3209289
	77.0603049	8.320353
	77.0608333	8.3199416
	77.0621744	8.3189437
	77.0626974	8.3185987
	77.0645749	8.317346
	77.0662701	8.3160084
	77.0697033	8.3134393
	77.0716667	8.3119318
	77.0729864	8.3109233
	77.0747673	8.3094158
	77.0764089	8.3077809
	77.0779753	8.3064114
	77.0793164	8.3055515
	77.0796812	8.3053497
	77.0836186	8.3026213
	77.0860151	8.3008525
	77.0907702	8.2973001
	77.1046931	8.301399
	77.100679	8.3116573
	77.1220876	8.3228076
	77.1497403	8.3219155
	77.1595525	8.3125493
	77.1627123	8.3175052
	77.1510783	8.3308358
	77.1546464	8.3513523
	77.1475102	8.3544744
	77.1359139	8.3455541
	77.1430501	8.3620566
	77.1350219	8.378559
	77.1408201	8.3830191
	77.1537544	8.377221
	77.1796231	8.4088878
	77.1885433	8.4347564
	77.2082719	8.4390892
	77.2250604	8.4460172
	77.2228717	8.4501517
	77.2128509	8.456655
	77.2090615	8.4657728
	77.2090358	8.4731333
	77.2061819	8.4785919
	77.2074093	8.4826752
	77.2102975	8.4863043
	77.2079843	8.4946723
	77.1988069	8.5056972
	77.2078492	8.5093536
	77.2111644	8.5150728
	77.2158679	8.5125772
	77.2235798	8.5115883
	77.230811	8.5075858
	77.2374114	8.5020491
	77.2393426	8.4988764
	77.2413532	8.499407
	77.242793	8.5014889
	77.2452241	8.5018198
	77.2501594	8.5044663
	77.2534982	8.506007
	77.2564465	8.5052303
	77.2574336	8.5066574
	77.2601898	8.5056049
	77.2619075	8.505121
	77.2634363	8.5071339
	77.2641659	8.5094555
	77.2645017	8.5124541
	77.2657463	8.513339
	77.2658729	8.515025
	77.2657398	8.5179907
	77.2681796	8.5209117
	77.2682053	8.5227463
	77.2690743	8.5257829
	77.2701354	8.5294488
	77.2711203	8.5308058
	77.2740901	8.5339369
	77.2751211	8.5362053
	77.2798718	8.53907
	77.2800349	8.5409149
	77.2808602	8.5439411
	77.2811325	8.5449393
	77.2819033	8.5480697
	77.2816936	8.5507884
	77.2804179	8.5518844
	77.2786187	8.5539575
	77.2772561	8.5566788
	77.2760931	8.5589238
	77.2766586	8.5616355
	77.278019	8.5634359
	77.2787174	8.5652119
	77.2774815	8.5674907
	77.2749033	8.5701906
	77.2730303	8.5753694
	77.2705841	8.5783925
	77.267196	8.5810749
	77.2677882	8.5853183
	77.2662024	8.5867887
	77.2621148	8.590141
	77.2588017	8.5901473
	77.2574864	8.5907414
	77.2578404	8.5927082
	77.2568705	8.5951672
	77.2553599	8.5979296
	77.2532957	8.5983582
	77.2511327	8.599139
	77.2492187	8.6012861
	77.2463112	8.6035456
	77.2459421	8.6065816
	77.2444	8.6084308
	77.244044	8.6103162
	77.2443422	8.6116019
	77.2456954	8.6141578
	77.2456804	8.6155432
	77.2462619	8.6167058
	77.2446632	8.6187637
	77.2434316	8.6204949
	77.2415304	8.6218441
	77.239168	8.6246764
	77.238565	8.6288684
	77.2363527	8.6307735
	77.2343636	8.6306102
	77.2322908	8.6322161
	77.2324023	8.6340745
	77.2306171	8.6371442
	77.2258535	8.6387311
	77.2223043	8.6426875
	77.2189432	8.6463053
	77.2155239	8.6483577
	77.2135861	8.650963
	77.2116528	8.6555472
	77.211582	8.6583643
	77.2126827	8.6608165
	77.2074299	8.66385
	77.2033808	8.6663255
	77.2001558	8.6690259
	77.2017243	8.6713741
	77.2034537	8.6718174
	77.2075737	8.6726002
	77.2069257	8.6755614
	77.2072668	8.6782023
	77.206975	8.6824489
	77.2058635	8.6864516
	77.2003725	8.6911011
	77.197613	8.6959669
	77.1970337	8.7002855
	77.1960745	8.7030726
	77.1953407	8.7073953
	77.1930597	8.7099596
	77.1896823	8.7122036
	77.1857362	8.7132132
	77.1849916	8.7152473
	77.1830819	8.7169313
	77.1802945	8.7204309
	77.1797259	8.7236357
	77.1822429	8.7273346
	77.1790074	8.7307447
	77.1751704	8.7370334
	77.1782711	8.7396697
	77.1817195	8.7417937
	77.1889827	8.7437714
	77.1960659	8.7458816
	77.197804	8.7483417
	77.1980807	8.751489
	77.1982417	8.7545874
	77.1972182	8.7589901
	77.1963191	8.7677741
	77.0904207	8.8205564
	77.0275331	8.8366128
	77.0172748	8.8330447
	77.0070165	8.8071761
	76.9963123	8.8004859
	77.0119227	8.765697
	76.9891761	8.7625749
	76.9789178	8.7732792
	76.9637534	8.7772933
	76.9566172	8.764805
	76.9352087	8.7630209
	76.9178142	8.7527627
	76.8986358	8.7706031
	76.9057719	8.7764013
	76.9030959	8.7835375
	76.8852554	8.802716
	76.870091	8.7973638
	76.8379782	8.8098521
	76.831288	8.8272466
	76.8112175	8.8352748
	76.8005132	8.8499932
	76.7849028	8.843303
	76.7634943	8.8517772
	76.7621563	8.8357208
	76.7782127	8.8192184
	76.7688464	8.8116362
	76.7759826	8.8009319
	76.7572501	8.8004859
	76.7563581	8.7933497
	76.7551791	8.7927602
	76.7438698	8.7871056
	76.7059588	8.7937957
	76.6907944	8.7817534
	76.6778601	8.7835375
	76.676808	8.7761661
END
2
	76.97548	8.3858715
	76.9754277	8.3858556
	76.9753566	8.3857097
	76.9753593	8.3855796
	76.975417	8.3853262
	76.9755176	8.3851975
	76.9755806	8.3851591
	76.9756691	8.3851259
	76.9757228	8.3851285
	76.9758757	8.3852745
	76.9759065	8.3853939
	76.9759159	8.385439
	76.975771	8.3855903
	76.975767	8.3856526
	76.9758153	8.3857455
	76.9758086	8.3857627
	76.9757791	8.385776
	76.9756705	8.385768
	76.9756074	8.3857853
	76.9755323	8.3858609
	76.97548	8.3858715
END
END
